Sample Data/Inputs/maps/Elevation.asc
ncols         510
nrows         623
xllcorner     335939.98081818
yllcorner     4068592.4730708
cellsize      90
NODATA_value  -9999
[rows 259 to 295 of 623, columns 83 to 165 of 510]
-9999 -9999 -9999 -9999 921 911 880 868 850 847 831 824 817 782 765 735 699 688 656 608 590 574 528 503 484 457 434 405 379 368 347 329 312 313 328 350 395 431 496 574 627 638 680 692 720 737 792 827 863 880 860 851 813 793 763 752 728 721 709 702 635 614 569 585 612 604 575 586 614 604 580 580 614 607 555 559 532 520 503 512 514 509 490
-9999 -9999 -9999 -9999 927 914 883 863 855 851 819 798 796 766 747 730 698 674 645 602 569 557 514 480 464 439 415 399 392 394 367 333 315 313 328 359 403 436 499 576 642 653 685 704 735 754 795 801 836 870 874 862 821 793 775 761 737 733 722 710 647 625 604 620 629 608 589 594 619 605 600 593 627 621 583 593 554 531 520 527 520 515 502
-9999 -9999 -9999 -9999 938 932 900 903 916 910 825 781 746 730 712 697 645 622 595 570 521 500 482 503 507 519 457 451 439 425 412 381 328 328 330 365 414 453 521 596 644 662 671 673 693 715 756 784 819 844 892 886 839 816 803 816 794 792 754 708 700 659 687 687 650 641 625 631 641 639 634 623 659 665 644 661 614 594 547 552 557 561 556
-9999 -9999 -9999 -9999 947 941 917 923 945 913 817 770 720 707 681 671 616 591 569 541 514 506 543 551 528 523 479 468 445 430 414 402 330 322 353 371 403 446 521 597 626 640 653 663 692 715 755 784 819 845 887 906 851 833 830 836 829 796 752 734 722 694 700 697 653 639 631 651 673 664 649 651 672 689 678 686 652 624 580 586 586 601 581
-9999 -9999 -9999 -9999 959 953 945 954 953 926 820 762 712 694 652 639 609 595 565 575 600 612 615 606 545 534 483 480 463 446 426 419 329 322 360 368 403 441 523 572 618 618 646 667 687 717 754 785 824 859 862 894 925 924 892 888 869 814 784 786 761 727 728 704 667 662 673 693 710 691 693 692 700 722 711 725 704 671 659 650 638 624 642
-9999 -9999 -9999 -9999 980 971 968 974 940 918 813 769 723 700 663 633 592 581 592 599 618 629 629 614 551 536 499 499 489 469 446 420 327 344 371 375 420 439 520 561 619 630 654 666 696 729 779 794 833 845 837 839 913 937 938 906 870 819 799 789 758 753 752 728 686 690 712 721 726 713 725 715 716 741 728 744 718 689 678 687 666 658 679
-9999 -9999 -9999 -9999 -9999 998 974 969 931 909 817 782 723 694 649 624 654 653 637 650 678 666 624 606 580 577 563 551 513 488 418 395 325 330 368 380 436 452 504 549 615 642 675 692 736 751 807 818 805 795 791 803 851 877 947 940 883 853 826 805 799 804 797 782 765 754 766 785 785 770 776 755 768 761 760 771 783 765 761 743 766 755 758
-9999 -9999 -9999 -9999 -9999 1004 966 969 935 920 838 789 722 697 642 659 691 690 669 684 678 666 642 618 600 598 564 556 502 469 406 386 349 334 355 380 414 436 522 559 622 653 683 701 744 765 801 798 778 783 784 793 848 872 939 944 898 868 841 838 826 835 823 812 805 794 808 825 792 782 791 780 795 784 781 795 828 803 795 795 815 801 810
-9999 -9999 -9999 -9999 -9999 1011 959 953 921 913 846 816 730 715 740 763 761 756 754 729 698 687 660 645 630 619 574 550 498 461 443 447 401 368 337 357 392 432 527 555 607 639 707 719 747 764 767 757 743 739 737 765 852 871 927 931 947 939 931 929 923 896 887 885 887 883 882 864 844 861 843 837 869 853 862 869 882 897 928 928 908 908 923
-9999 -9999 -9999 -9999 1028 1006 953 933 898 880 837 818 745 753 772 792 784 784 754 742 696 691 675 672 648 630 573 551 487 470 469 467 404 365 333 357 399 445 530 557 606 637 698 703 739 759 744 727 721 708 732 757 864 891 899 904 916 940 946 942 930 923 920 923 931 934 902 901 874 883 871 869 900 900 899 900 920 916 952 958 957 956 954
-9999 -9999 -9999 -9999 1019 986 937 927 898 867 825 814 792 818 814 819 799 788 771 762 764 758 724 716 657 634 585 556 538 548 495 466 364 340 348 360 404 451 536 568 611 632 652 664 718 719 669 666 661 669 729 769 852 866 855 869 896 920 932 924 908 915 942 958 988 980 956 936 933 935 952 941 945 947 959 957 995 989 1032 1049 1035 1016 949
-9999 -9999 -9999 -9999 1002 974 939 927 894 867 832 819 802 833 836 828 805 796 795 805 793 780 748 725 656 638 593 563 571 554 501 465 353 334 354 356 424 465 540 556 596 613 630 642 688 688 642 650 653 670 736 772 838 833 831 851 890 914 910 901 889 905 944 960 987 1003 983 978 959 960 966 953 977 993 1003 1015 1025 1019 1053 1072 1039 1008 948
-9999 -9999 -9999 995 983 974 936 915 884 869 851 846 867 872 873 869 879 891 891 876 861 814 744 704 666 628 611 631 608 589 505 469 379 349 347 374 411 429 475 497 555 563 570 587 643 637 628 637 653 665 749 774 778 768 791 806 866 875 868 863 861 877 907 929 971 994 1045 1041 1051 1047 1037 1042 1081 1089 1088 1109 1105 1090 1115 1107 1032 1004 967
-9999 -9999 -9999 1003 986 979 947 931 900 884 866 887 884 890 890 903 935 934 926 899 870 811 741 711 670 650 650 660 628 581 518 485 409 360 338 343 393 410 446 471 522 546 560 577 615 605 620 630 646 654 742 762 741 734 775 796 844 849 839 837 849 872 892 908 968 993 1037 1036 1072 1083 1091 1101 1129 1137 1125 1146 1118 1126 1126 1100 1033 1016 999
-9999 -9999 -9999 1030 1010 992 965 951 934 939 952 941 938 949 976 1016 1007 988 961 921 873 807 748 721 709 717 701 711 692 651 591 566 503 448 371 343 349 373 413 437 462 485 494 503 546 558 589 603 625 643 717 717 678 687 757 786 802 804 787 804 834 850 887 905 938 961 980 994 1047 1083 1153 1163 1182 1195 1204 1201 1192 1190 1151 1123 1116 1109 1079
-9999 -9999 -9999 1044 1014 1001 986 972 975 977 976 959 965 970 1006 1029 1021 994 963 917 864 806 756 732 739 726 719 733 716 681 626 591 510 459 389 369 346 355 389 418 436 469 470 484 526 540 578 598 619 640 708 703 666 666 748 768 777 774 767 793 827 840 879 900 941 948 964 970 1033 1067 1140 1150 1174 1183 1188 1188 1174 1174 1170 1155 1143 1129 1120
-9999 -9999 -9999 1073 1041 1039 1039 1030 1019 1020 1000 989 1014 1056 1056 1040 1013 996 953 905 825 806 772 756 771 774 758 755 721 699 637 595 515 487 466 435 389 377 353 395 423 436 455 481 507 529 556 579 616 650 656 644 620 649 697 706 736 729 742 764 806 825 870 885 916 913 943 946 1028 1057 1089 1096 1131 1146 1128 1126 1126 1132 1174 1196 1231 1213 1186
-9999 -9999 -9999 -9999 1057 1050 1055 1056 1047 1043 1020 1021 1051 1089 1077 1065 1022 995 939 890 828 814 780 767 783 780 776 765 723 705 641 604 556 532 496 456 404 383 371 413 423 443 461 479 502 510 538 561 607 635 631 608 598 631 662 709 706 708 737 768 790 817 858 879 897 898 922 942 1028 1046 1068 1085 1117 1126 1099 1103 1112 1117 1173 1195 1244 1229 1200
-9999 -9999 -9999 -9999 1099 1101 1100 1092 1096 1103 1125 1131 1151 1144 1101 1080 1013 982 917 888 867 838 818 817 830 818 782 767 737 726 698 650 566 542 463 456 420 389 359 386 437 458 452 454 466 480 505 544 579 608 605 573 566 602 628 675 673 692 712 741 766 807 830 845 866 869 910 956 987 992 1039 1050 1094 1088 1066 1071 1081 1097 1174 1197 1233 1254 1246
-9999 -9999 -9999 -9999 1117 1119 1114 1112 1119 1133 1162 1169 1179 1152 1101 1081 1008 981 934 914 863 856 841 843 851 846 797 783 761 749 690 655 571 539 481 485 445 411 390 364 413 452 460 453 448 461 493 531 562 585 582 550 560 585 622 646 664 675 698 720 741 788 808 838 844 862 915 954 955 975 1021 1026 1088 1078 1047 1053 1068 1094 1165 1182 1228 1236 1252
-9999 -9999 -9999 -9999 -9999 1161 1149 1160 1188 1182 1205 1222 1209 1165 1107 1097 1037 1018 962 918 902 893 902 905 910 904 836 811 767 747 683 655 570 564 562 532 466 446 432 407 370 393 438 419 422 423 477 496 541 545 534 510 533 541 588 608 607 602 623 658 703 740 775 796 813 847 905 928 939 964 986 1002 1027 1018 1014 1012 1053 1083 1153 1176 1176 1184 1217
-9999 -9999 -9999 -9999 -9999 1193 1197 1204 1219 1231 1264 1271 1231 1196 1160 1140 1075 1039 964 933 923 929 946 943 946 929 850 818 759 748 704 681 641 636 555 538 480 463 436 428 380 376 378 381 394 407 475 491 499 504 480 482 522 543 562 548 542 544 591 621 654 681 747 778 790 832 874 889 916 944 968 996 991 983 994 1018 1052 1089 1146 1147 1141 1157 1201
-9999 -9999 -9999 -9999 -9999 1254 1244 1254 1271 1300 1335 1331 1288 1255 1189 1160 1074 1047 971 964 962 974 1018 1028 975 941 842 807 751 742 715 704 654 623 560 541 514 489 462 450 422 409 416 410 379 388 436 446 430 435 451 465 505 497 493 486 496 511 553 583 635 654 686 713 755 791 804 826 894 907 932 950 933 951 995 1025 1061 1084 1108 1110 1109 1116 1157
-9999 -9999 -9999 -9999 -9999 1276 1271 1286 1330 1343 1357 1348 1301 1266 1182 1154 1073 1040 997 984 994 1009 1052 1040 970 939 829 801 751 741 717 710 666 641 566 549 525 513 478 464 434 436 427 422 383 383 412 420 417 419 432 437 482 481 478 494 525 530 526 561 622 618 651 680 734 756 773 798 864 880 910 928 923 948 997 1028 1067 1080 1078 1072 1081 1101 1156
-9999 -9999 -9999 -9999 -9999 -9999 1365 1381 1394 1393 1375 1356 1317 1256 1186 1155 1081 1064 1030 1031 1069 1080 1065 1040 954 917 822 800 773 762 736 734 688 663 616 598 557 544 522 509 491 471 448 428 399 386 412 414 417 437 446 445 450 473 515 518 545 551 567 587 574 583 619 632 664 666 702 745 820 829 877 882 907 926 965 999 1028 1021 1018 1032 1070 1093 1136
-9999 -9999 -9999 -9999 -9999 -9999 1387 1393 1398 1397 1375 1359 1322 1275 1203 1175 1097 1074 1055 1064 1102 1108 1066 1042 934 902 816 803 777 773 745 742 680 661 616 602 571 559 547 531 503 486 452 447 427 389 411 428 465 474 484 496 498 513 546 546 557 558 584 615 602 603 610 611 648 659 699 709 783 802 847 853 875 884 950 974 993 1000 1003 1027 1061 1090 1135
-9999 -9999 -9999 -9999 -9999 -9999 -9999 1428 1424 1401 1385 1362 1329 1280 1221 1175 1132 1120 1119 1120 1115 1114 1072 1020 918 882 822 809 789 782 749 725 692 674 631 617 583 571 548 530 501 481 455 451 427 399 398 419 499 526 576 596 583 584 592 602 610 610 616 634 657 656 649 663 691 723 775 791 781 778 795 802 818 822 879 901 933 931 1004 1034 1079 1095 1129
-9999 -9999 -9999 -9999 -9999 -9999 -9999 -9999 1426 1410 1387 1362 1332 1279 1219 1178 1154 1158 1138 1114 1106 1103 1057 1011 908 877 831 814 794 781 731 716 680 669 627 616 584 574 550 529 495 480 453 449 420 406 394 412 489 522 605 615 613 615 610 626 626 622 645 661 685 680 670 679 720 752 823 842 828 838 822 830 848 838 832 882 918 936 1027 1044 1079 1094 1145
-9999 -9999 -9999 -9999 -9999 -9999 -9999 -9999 1448 1422 1387 1363 1322 1275 1220 1212 1212 1179 1138 1111 1066 1043 1022 982 917 893 879 862 817 780 729 712 666 649 628 628 607 601 579 535 505 488 450 440 412 405 397 435 508 536 591 618 657 648 661 675 685 691 709 716 716 709 716 732 773 799 901 939 933 912 898 905 935 931 920 885 928 963 1032 1053 1106 1133 1171
-9999 -9999 -9999 -9999 -9999 -9999 -9999 -9999 1449 1426 1393 1366 1323 1277 1237 1242 1217 1181 1138 1109 1074 1048 1017 973 922 909 900 874 825 781 729 710 676 656 645 633 626 613 586 542 498 483 440 426 411 402 402 441 499 525 593 618 674 681 696 695 713 714 714 721 720 706 745 759 800 812 908 948 970 942 939 945 967 970 930 910 927 943 1025 1047 1125 1145 1178
-9999 -9999 -9999 -9999 -9999 -9999 -9999 -9999 1476 1462 1421 1410 1374 1331 1278 1254 1224 1198 1145 1118 1079 1051 1022 987 953 959 931 885 821 790 749 744 698 693 678 663 635 611 577 546 505 474 434 416 402 401 436 481 522 538 574 585 634 649 721 746 766 765 738 732 728 735 773 784 832 868 961 988 1039 1033 1015 1036 1015 1003 969 965 923 926 1000 1038 1116 1142 1177
-9999 -9999 -9999 -9999 -9999 -9999 -9999 -9999 1495 1483 1441 1425 1376 1330 1279 1265 1224 1205 1153 1130 1101 1068 1032 1005 992 1015 946 889 827 793 778 773 720 710 688 663 623 592 574 545 505 471 423 415 401 400 443 476 519 528 553 570 625 660 709 742 778 775 746 749 753 768 801 810 862 895 990 1020 1070 1065 1057 1060 1026 1012 998 996 937 925 989 1020 1091 1117 1165
-9999 -9999 -9999 -9999 -9999 -9999 -9999 -9999 1503 1499 1449 1434 1375 1338 1307 1290 1233 1213 1223 1231 1195 1171 1089 1058 1079 1040 924 896 855 844 802 777 746 729 664 632 614 585 537 516 494 462 424 413 402 401 442 480 508 522 553 565 628 668 706 744 800 828 802 801 832 862 895 906 905 944 1041 1068 1122 1117 1073 1060 1039 1035 1057 1055 1018 996 976 997 1076 1106 1150
-9999 -9999 -9999 -9999 -9999 -9999 -9999 -9999 1499 1487 1442 1435 1379 1367 1314 1304 1254 1240 1281 1252 1191 1161 1082 1063 1055 1023 929 913 864 844 801 778 734 700 643 623 603 572 535 513 482 454 426 403 402 406 446 487 511 526 545 567 629 667 711 751 805 840 839 836 879 915 942 950 933 948 1039 1070 1132 1129 1087 1074 1055 1060 1086 1083 1055 1040 982 990 1078 1107 1151
-9999 -9999 -9999 -9999 -9999 -9999 -9999 -9999 1518 1506 1486 1458 1423 1399 1358 1354 1373 1351 1277 1234 1156 1115 1056 1043 1023 999 924 907 874 853 798 776 721 707 667 657 644 627 596 548 520 487 414 406 411 410 441 477 485 504 526 562 627 662 707 745 816 866 956 978 972 1003 1028 1023 1016 1020 1057 1107 1169 1158 1116 1113 1130 1146 1152 1145 1119 1108 1083 1052 1038 1060 1106
-9999 -9999 -9999 -9999 -9999 -9999 -9999 -9999 1537 1526 1483 1470 1442 1415 1387 1393 1379 1348 1270 1232 1145 1105 1036 1023 1003 1002 929 912 873 855 809 808 761 741 697 696 677 664 602 560 521 491 432 407 409 411 451 465 485 500 536 572 638 678 713 751 816 864 962 1002 1026 1039 1075 1047 1048 1051 1094 1126 1177 1146 1133 1132 1158 1174 1171 1159 1133 1126 1096 1067 1057 1044 1068
-9999 -9999 -9999 -9999 -9999 -9999 -9999 -9999 1556 1543 1524 1515 1487 1503 1464 1450 1372 1339 1272 1222 1117 1081 1019 1010 992 988 943 925 885 862 855 858 794 764 730 717 680 666 615 592 521 481 413 410 413 415 441 450 481 496 545 583 671 686 737 777 830 878 951 997 1001 1045 1048 1050 1092 1127 1169 1189 1190 1175 1170 1156 1180 1203 1192 1176 1161 1154 1106 1087 1093 1086 1074
