Sample Data/Inputs/maps/Elevation.asc
ncols         510
nrows         623
xllcorner     335939.98081818
yllcorner     4068592.4730708
cellsize      90
NODATA_value  -9999
[rows 370 to 406 of 623, columns 83 to 165 of 510]
1447 1439 1467 1492 1450 1418 1344 1331 1292 1289 1246 1227 1180 1155 1125 1110 1089 1124 1201 1221 1249 1266 1315 1357 1397 1406 1428 1441 1481 1495 1529 1537 1539 1533 1519 1510 1501 1490 1474 1464 1448 1436 1419 1401 1383 1368 1338 1330 1330 1329 1319 1309 1294 1272 1232 1208 1186 1172 1156 1137 1111 1092 1073 1064 1036 1025 990 982 960 956 939 937 923 920 903 883 834 822 756 757 782 786 812
1505 1534 1534 1538 1468 1444 1388 1375 1304 1282 1223 1207 1170 1171 1142 1140 1117 1132 1193 1213 1244 1265 1318 1340 1389 1413 1446 1461 1499 1511 1529 1532 1521 1510 1490 1484 1470 1468 1459 1451 1445 1425 1406 1398 1384 1372 1373 1370 1363 1368 1341 1330 1299 1263 1238 1235 1224 1206 1195 1171 1136 1114 1086 1069 1046 1034 1010 999 972 962 951 940 918 891 870 860 797 788 799 782 798 807 829
1525 1558 1577 1556 1488 1462 1396 1371 1303 1279 1221 1210 1184 1171 1160 1132 1137 1147 1187 1221 1270 1286 1326 1344 1391 1410 1443 1454 1490 1499 1518 1522 1500 1495 1476 1474 1462 1464 1455 1450 1441 1427 1405 1397 1389 1381 1383 1380 1374 1379 1355 1336 1278 1263 1246 1243 1227 1216 1206 1164 1142 1121 1100 1084 1063 1050 1014 1008 985 970 943 925 893 872 852 841 810 811 813 800 804 830 863
1566 1543 1546 1519 1487 1452 1383 1351 1308 1288 1267 1234 1208 1181 1163 1143 1165 1172 1202 1212 1261 1280 1339 1344 1365 1377 1406 1432 1451 1464 1492 1490 1471 1469 1459 1456 1452 1450 1442 1439 1418 1419 1427 1431 1430 1428 1423 1425 1403 1392 1362 1347 1304 1288 1275 1268 1249 1226 1201 1174 1165 1148 1125 1113 1097 1075 1024 1010 989 965 934 908 893 890 874 866 876 863 852 860 838 863 895
1556 1520 1512 1491 1473 1443 1381 1352 1313 1295 1278 1257 1231 1194 1143 1150 1168 1178 1207 1232 1254 1276 1325 1334 1360 1366 1405 1424 1447 1458 1474 1483 1462 1460 1454 1453 1447 1446 1436 1431 1436 1437 1440 1445 1452 1454 1433 1434 1406 1405 1364 1341 1319 1299 1298 1280 1232 1218 1197 1183 1163 1154 1138 1135 1093 1063 1029 1014 982 963 922 910 910 904 885 887 880 870 876 908 853 891 898
1572 1538 1490 1461 1445 1433 1375 1357 1329 1311 1272 1254 1232 1183 1217 1236 1219 1193 1211 1222 1283 1301 1326 1332 1356 1375 1381 1399 1427 1437 1453 1454 1447 1447 1445 1444 1444 1445 1441 1443 1442 1444 1452 1456 1463 1465 1458 1448 1420 1403 1377 1355 1328 1328 1279 1268 1254 1250 1217 1199 1185 1188 1142 1129 1091 1076 1030 1003 953 963 940 949 940 929 915 904 891 876 922 915 878 898 891
1558 1535 1498 1478 1450 1416 1379 1346 1331 1315 1279 1257 1231 1211 1245 1274 1252 1215 1211 1225 1269 1300 1340 1346 1373 1385 1408 1401 1408 1414 1436 1436 1439 1439 1444 1443 1446 1446 1444 1443 1449 1451 1461 1464 1471 1471 1456 1449 1413 1399 1367 1366 1348 1337 1286 1277 1261 1252 1221 1205 1200 1193 1146 1131 1098 1082 1019 984 985 988 961 962 950 944 927 911 891 880 923 919 885 893 895
1571 1547 1516 1502 1455 1429 1381 1373 1348 1323 1282 1265 1275 1269 1279 1289 1287 1265 1218 1243 1263 1298 1338 1372 1397 1412 1442 1446 1437 1439 1418 1423 1432 1433 1440 1442 1446 1447 1452 1455 1463 1465 1474 1475 1480 1482 1458 1451 1419 1414 1408 1393 1369 1363 1318 1304 1264 1251 1235 1241 1189 1181 1157 1137 1085 1064 1024 1024 1036 1024 981 981 957 953 939 935 936 941 919 917 897 903 899
1579 1567 1514 1494 1452 1428 1381 1373 1346 1313 1281 1275 1285 1286 1286 1292 1290 1260 1243 1256 1271 1295 1326 1345 1379 1411 1446 1452 1448 1438 1422 1423 1434 1438 1442 1445 1451 1449 1454 1461 1464 1470 1478 1480 1484 1484 1468 1460 1429 1424 1417 1406 1384 1373 1329 1310 1274 1262 1252 1216 1167 1157 1136 1126 1092 1073 1042 1045 1044 1026 1001 991 978 974 955 953 951 958 922 918 901 911 903
1538 1532 1494 1483 1439 1429 1380 1367 1327 1289 1299 1302 1311 1339 1345 1333 1323 1312 1292 1273 1289 1303 1330 1344 1381 1400 1442 1467 1450 1441 1434 1434 1436 1435 1443 1452 1459 1462 1469 1469 1476 1477 1484 1488 1493 1494 1488 1484 1462 1453 1436 1413 1375 1367 1332 1324 1306 1286 1244 1207 1164 1154 1138 1129 1095 1085 1082 1083 1074 1069 1051 1042 1041 1034 1013 1004 1019 1015 949 958 935 930 926
1526 1517 1484 1468 1428 1422 1379 1369 1312 1306 1326 1328 1343 1357 1365 1355 1334 1324 1308 1283 1291 1295 1345 1364 1396 1414 1447 1464 1450 1439 1438 1438 1443 1443 1441 1447 1453 1459 1469 1472 1477 1483 1489 1492 1499 1499 1493 1489 1468 1459 1429 1417 1368 1359 1339 1323 1291 1283 1241 1212 1178 1164 1146 1140 1102 1101 1106 1096 1089 1084 1069 1061 1060 1070 1034 1025 1030 1016 973 971 949 942 962
1532 1515 1481 1462 1435 1428 1390 1382 1334 1345 1366 1371 1378 1387 1381 1379 1353 1341 1319 1308 1284 1285 1327 1343 1372 1386 1443 1462 1442 1440 1441 1446 1450 1454 1456 1461 1462 1468 1471 1482 1488 1493 1501 1506 1508 1504 1471 1462 1445 1438 1410 1401 1366 1353 1326 1312 1274 1262 1233 1219 1192 1188 1151 1145 1155 1149 1136 1137 1132 1119 1108 1090 1095 1098 1055 1046 1026 1018 1025 1013 997 999 994
1532 1529 1504 1487 1453 1451 1401 1388 1346 1368 1384 1383 1397 1399 1421 1407 1377 1348 1344 1321 1277 1289 1317 1331 1357 1376 1431 1446 1433 1435 1439 1446 1455 1459 1466 1467 1469 1474 1477 1487 1491 1499 1510 1518 1519 1516 1468 1457 1448 1442 1411 1396 1362 1350 1317 1301 1280 1269 1254 1237 1218 1204 1164 1163 1168 1163 1171 1173 1139 1136 1117 1108 1118 1123 1077 1066 1034 1037 1040 1042 1019 1033 1014
1575 1565 1524 1495 1450 1430 1395 1382 1386 1385 1413 1429 1440 1446 1456 1446 1420 1411 1357 1326 1290 1298 1310 1317 1353 1372 1403 1419 1422 1422 1436 1445 1472 1474 1482 1490 1495 1500 1496 1496 1504 1515 1533 1540 1535 1514 1488 1476 1464 1450 1423 1394 1362 1347 1334 1320 1315 1318 1287 1250 1220 1204 1187 1187 1183 1188 1193 1190 1179 1173 1169 1164 1169 1162 1107 1099 1086 1085 1075 1061 1062 1088 1059
1573 1562 1523 1504 1451 1430 1392 1379 1404 1398 1439 1452 1464 1460 1479 1462 1430 1408 1346 1311 1302 1313 1318 1323 1343 1362 1392 1407 1422 1428 1444 1454 1478 1484 1494 1501 1509 1511 1506 1503 1507 1517 1537 1546 1544 1527 1501 1490 1477 1462 1434 1400 1371 1370 1360 1354 1338 1323 1285 1262 1221 1211 1202 1199 1195 1195 1198 1202 1193 1196 1201 1196 1191 1173 1121 1112 1111 1107 1098 1071 1069 1094 1089
1551 1540 1505 1494 1456 1448 1427 1440 1458 1466 1487 1495 1505 1501 1469 1452 1397 1374 1336 1353 1363 1340 1332 1352 1400 1406 1400 1391 1415 1427 1457 1471 1496 1507 1517 1521 1532 1533 1529 1524 1533 1541 1561 1566 1559 1539 1533 1517 1485 1466 1453 1433 1408 1402 1376 1353 1330 1322 1310 1283 1276 1252 1237 1237 1227 1221 1207 1221 1235 1251 1234 1225 1193 1182 1139 1137 1151 1155 1143 1112 1137 1155 1102
1556 1548 1521 1503 1461 1442 1436 1448 1472 1478 1500 1500 1503 1499 1475 1459 1393 1380 1341 1366 1375 1351 1336 1362 1405 1417 1419 1416 1407 1425 1459 1473 1500 1515 1529 1533 1541 1543 1538 1533 1542 1553 1573 1575 1565 1552 1545 1526 1494 1484 1466 1439 1415 1400 1372 1350 1330 1330 1318 1295 1289 1263 1250 1246 1244 1237 1236 1231 1247 1251 1240 1231 1203 1190 1150 1149 1162 1176 1135 1126 1157 1167 1123
1560 1542 1507 1500 1475 1456 1461 1463 1469 1485 1520 1519 1506 1490 1474 1463 1414 1391 1372 1407 1395 1384 1366 1371 1406 1414 1434 1429 1410 1421 1463 1479 1524 1535 1552 1555 1559 1559 1555 1560 1567 1581 1596 1599 1585 1586 1563 1543 1523 1515 1498 1479 1412 1398 1370 1357 1351 1350 1328 1324 1300 1293 1288 1275 1262 1260 1256 1245 1275 1281 1259 1253 1234 1209 1200 1203 1216 1217 1166 1178 1188 1209 1195
1573 1553 1535 1509 1470 1462 1476 1493 1493 1508 1518 1520 1512 1497 1479 1460 1413 1394 1404 1409 1407 1396 1373 1373 1402 1413 1442 1449 1433 1440 1466 1485 1526 1538 1561 1563 1570 1569 1563 1563 1580 1591 1605 1611 1619 1609 1570 1555 1538 1535 1506 1489 1418 1396 1367 1359 1346 1339 1333 1331 1299 1300 1295 1282 1278 1279 1269 1264 1287 1296 1278 1272 1247 1228 1226 1227 1240 1223 1192 1212 1199 1221 1212
1567 1549 1528 1510 1501 1489 1498 1516 1525 1526 1541 1537 1530 1505 1481 1470 1432 1405 1426 1421 1422 1408 1394 1392 1415 1422 1441 1464 1465 1457 1481 1490 1536 1543 1574 1584 1584 1586 1577 1585 1592 1606 1636 1635 1656 1640 1601 1589 1559 1554 1531 1509 1444 1420 1384 1372 1378 1373 1364 1333 1322 1328 1311 1311 1308 1306 1299 1302 1312 1321 1307 1293 1277 1285 1268 1265 1259 1231 1213 1228 1255 1229 1193
1560 1546 1524 1517 1513 1497 1506 1524 1537 1544 1544 1543 1536 1506 1485 1475 1434 1429 1427 1440 1424 1414 1419 1418 1433 1445 1454 1472 1482 1484 1485 1496 1543 1547 1578 1589 1598 1595 1597 1609 1627 1628 1643 1645 1669 1649 1620 1601 1569 1556 1532 1514 1447 1420 1387 1379 1389 1391 1382 1338 1339 1340 1318 1324 1321 1318 1321 1320 1323 1336 1336 1311 1282 1287 1285 1275 1261 1233 1222 1237 1259 1216 1184
1571 1563 1544 1536 1515 1510 1519 1527 1544 1551 1556 1554 1537 1532 1509 1484 1459 1457 1462 1455 1432 1430 1444 1443 1466 1485 1478 1482 1504 1510 1497 1510 1553 1568 1586 1601 1618 1616 1631 1648 1664 1666 1665 1670 1686 1679 1648 1630 1590 1577 1542 1529 1469 1441 1391 1392 1385 1393 1389 1352 1358 1353 1338 1346 1339 1333 1336 1342 1344 1355 1360 1352 1321 1322 1304 1298 1268 1266 1256 1272 1273 1248 1211
1576 1571 1553 1540 1530 1511 1531 1548 1553 1562 1568 1566 1550 1535 1512 1477 1469 1464 1466 1451 1439 1449 1467 1466 1479 1486 1492 1501 1524 1531 1524 1521 1570 1582 1598 1609 1642 1650 1651 1656 1670 1673 1678 1683 1688 1676 1647 1638 1592 1577 1533 1501 1454 1444 1415 1403 1396 1395 1392 1356 1370 1367 1346 1356 1354 1352 1355 1359 1369 1371 1376 1359 1347 1350 1313 1303 1309 1298 1285 1306 1277 1240 1231
1582 1583 1551 1543 1551 1538 1550 1572 1576 1583 1584 1561 1541 1528 1502 1506 1500 1503 1474 1462 1456 1471 1498 1495 1506 1512 1529 1534 1533 1541 1543 1545 1575 1590 1603 1615 1648 1661 1686 1690 1689 1690 1707 1706 1677 1660 1625 1614 1582 1573 1541 1527 1475 1459 1423 1418 1403 1403 1381 1372 1380 1390 1367 1381 1380 1373 1374 1376 1389 1389 1386 1381 1388 1376 1333 1327 1345 1349 1317 1330 1292 1286 1274
1600 1585 1554 1550 1566 1559 1574 1567 1585 1595 1576 1568 1543 1524 1512 1508 1512 1507 1493 1476 1470 1480 1494 1503 1516 1522 1540 1543 1544 1554 1551 1559 1568 1580 1598 1615 1639 1655 1689 1711 1717 1717 1716 1714 1708 1695 1640 1632 1588 1576 1555 1548 1494 1466 1432 1425 1413 1411 1391 1379 1388 1399 1377 1396 1382 1377 1382 1385 1396 1399 1388 1384 1390 1373 1336 1345 1371 1367 1341 1336 1315 1314 1304
1590 1586 1585 1577 1578 1584 1607 1611 1612 1609 1589 1573 1541 1537 1528 1543 1539 1530 1516 1487 1504 1506 1531 1526 1543 1542 1544 1551 1554 1564 1568 1578 1593 1606 1613 1619 1642 1661 1689 1709 1722 1732 1738 1741 1735 1735 1688 1654 1612 1593 1578 1569 1520 1499 1455 1449 1424 1419 1408 1393 1407 1409 1395 1403 1399 1401 1414 1412 1415 1414 1416 1420 1379 1376 1366 1374 1397 1390 1372 1359 1367 1363 1362
1594 1589 1588 1581 1584 1605 1609 1611 1615 1615 1591 1573 1553 1553 1559 1570 1547 1540 1529 1516 1524 1513 1545 1538 1553 1557 1547 1552 1567 1573 1578 1601 1623 1625 1635 1629 1655 1669 1690 1710 1724 1734 1745 1748 1739 1741 1694 1673 1636 1623 1590 1580 1531 1517 1466 1454 1436 1429 1425 1412 1411 1413 1397 1407 1406 1412 1432 1432 1432 1433 1433 1420 1383 1376 1382 1402 1408 1400 1389 1393 1388 1380 1386
1614 1602 1599 1609 1632 1635 1629 1633 1636 1628 1593 1588 1574 1580 1585 1580 1567 1557 1540 1558 1552 1556 1555 1565 1574 1582 1582 1578 1594 1614 1628 1635 1647 1656 1661 1659 1673 1689 1711 1723 1734 1742 1755 1765 1773 1772 1716 1686 1677 1663 1623 1604 1570 1554 1503 1474 1462 1459 1446 1434 1438 1430 1420 1419 1447 1464 1467 1476 1497 1481 1440 1428 1405 1398 1443 1444 1435 1428 1413 1415 1411 1417 1401
1622 1635 1645 1632 1653 1650 1648 1650 1642 1630 1605 1591 1596 1601 1591 1587 1589 1567 1558 1566 1557 1566 1556 1578 1591 1597 1593 1590 1627 1639 1640 1646 1668 1674 1678 1681 1684 1694 1715 1731 1743 1749 1766 1779 1780 1780 1725 1701 1688 1669 1639 1624 1575 1553 1505 1480 1468 1466 1448 1449 1458 1443 1434 1430 1465 1479 1479 1491 1502 1490 1447 1431 1418 1422 1452 1454 1444 1447 1451 1440 1423 1431 1407
1678 1676 1676 1670 1678 1684 1668 1659 1638 1629 1605 1617 1616 1612 1613 1617 1608 1599 1609 1606 1596 1589 1593 1598 1619 1622 1635 1641 1666 1655 1694 1705 1704 1712 1718 1718 1727 1734 1740 1756 1761 1768 1790 1806 1818 1821 1773 1760 1723 1699 1661 1621 1575 1563 1554 1529 1519 1497 1475 1479 1493 1485 1493 1491 1498 1509 1537 1535 1509 1487 1455 1447 1464 1484 1495 1498 1495 1497 1481 1468 1472 1464 1409
1687 1690 1692 1683 1689 1690 1668 1661 1638 1630 1621 1620 1620 1618 1625 1631 1615 1609 1613 1618 1613 1605 1603 1614 1626 1634 1644 1647 1673 1683 1719 1724 1723 1728 1739 1737 1747 1752 1757 1767 1774 1779 1795 1806 1827 1827 1784 1770 1736 1718 1666 1626 1586 1585 1569 1548 1532 1500 1490 1493 1503 1504 1518 1514 1506 1514 1544 1547 1518 1495 1462 1457 1485 1499 1510 1510 1508 1509 1500 1498 1482 1469 1406
1703 1712 1711 1709 1703 1700 1670 1660 1651 1643 1637 1639 1653 1646 1643 1650 1639 1631 1634 1637 1635 1638 1633 1623 1646 1656 1676 1687 1715 1726 1741 1751 1759 1759 1767 1767 1772 1774 1785 1789 1789 1790 1810 1817 1831 1840 1824 1809 1769 1741 1692 1655 1616 1613 1595 1578 1551 1534 1544 1520 1522 1536 1548 1552 1554 1548 1554 1546 1519 1512 1484 1490 1506 1519 1515 1511 1499 1489 1512 1514 1495 1475 1405
1705 1716 1723 1718 1708 1705 1671 1663 1660 1648 1646 1658 1663 1660 1648 1658 1653 1638 1638 1641 1649 1651 1646 1636 1661 1670 1700 1710 1730 1738 1761 1762 1774 1777 1782 1783 1806 1785 1791 1795 1800 1803 1817 1824 1834 1841 1831 1811 1783 1753 1708 1669 1625 1621 1607 1591 1558 1546 1552 1547 1539 1553 1563 1570 1568 1555 1562 1543 1520 1507 1497 1506 1520 1524 1507 1505 1485 1476 1468 1477 1493 1466 1399
1727 1736 1737 1726 1715 1700 1693 1688 1667 1666 1665 1675 1681 1672 1668 1673 1676 1666 1663 1673 1672 1669 1674 1672 1704 1707 1736 1747 1758 1768 1783 1794 1809 1810 1822 1824 1835 1833 1825 1825 1821 1822 1821 1825 1832 1835 1840 1836 1793 1778 1723 1684 1641 1640 1628 1606 1591 1588 1584 1577 1572 1584 1598 1601 1596 1584 1573 1556 1534 1528 1524 1525 1524 1500 1483 1475 1437 1418 1389 1411 1442 1458 1407
1733 1741 1740 1730 1716 1703 1700 1691 1680 1676 1668 1675 1691 1685 1688 1684 1678 1685 1675 1688 1688 1699 1701 1703 1724 1730 1749 1759 1766 1775 1793 1806 1824 1826 1833 1842 1844 1843 1835 1832 1824 1825 1819 1821 1825 1830 1846 1836 1798 1781 1720 1701 1670 1663 1639 1624 1607 1604 1599 1594 1590 1596 1613 1611 1606 1595 1572 1555 1539 1533 1524 1516 1518 1490 1453 1438 1405 1394 1371 1373 1409 1441 1412
-9999 -9999 1742 1738 1725 1719 1710 1700 1686 1692 1702 1715 1718 1726 1712 1712 1706 1717 1718 1717 1737 1732 1731 1738 1746 1757 1770 1776 1790 1795 1807 1813 1836 1845 1853 1854 1853 1849 1842 1835 1824 1819 1815 1813 1826 1835 1841 1826 1804 1791 1782 1759 1701 1691 1658 1651 1641 1630 1597 1594 1578 1564 1588 1584 1598 1562 1515 1513 1499 1493 1458 1459 1416 1415 1428 1396 1363 1312 1327 1300 1343 1396 1416
-9999 -9999 -9999 -9999 -9999 1724 1713 1703 1702 1709 1718 1717 1727 1726 1729 1716 1724 1733 1737 1732 1739 1741 1746 1751 1765 1769 1782 1786 1801 1805 1816 1821 1846 1857 1863 1863 1857 1853 1842 1832 1818 1813 1814 1816 1827 1834 1837 1819 1780 1782 1769 1758 1681 1665 1642 1632 1612 1617 1579 1556 1550 1536 1552 1561 1557 1552 1490 1484 1482 1473 1430 1431 1373 1383 1400 1389 1356 1310 1284 1288 1333 1352 1395
