Sample Data/Inputs/maps/Elevation.asc
ncols         510
nrows         623
xllcorner     335939.98081818
yllcorner     4068592.4730708
cellsize      90
NODATA_value  -9999
[rows 518 to 554 of 623, columns 249 to 331 of 510]
2108 2117 2130 2132 2126 2112 2097 2077 2074 2073 2059 2049 2029 2041 2056 2064 2055 2034 1997 1970 1949 1955 1942 1926 1905 1893 1870 1861 1825 1806 1757 1744 1716 1697 1692 1669 1626 1622 1620 1622 1585 1575 1555 1546 1534 1528 1522 1520 1516 1516 1513 1513 1511 1512 1512 1512 1510 1510 1510 1509 1507 1510 1510 1510 1509 1511 1508 1508 1508 1507 1507 1502 1491 1494 1508 1511 1516 1517 1523 1523 1517 1521 1524
2152 2160 2172 2173 2159 2140 2113 2086 2059 2051 2047 2039 2033 2046 2052 2057 2052 2034 2015 2000 1956 1917 1890 1888 1854 1853 1838 1841 1802 1785 1763 1741 1670 1689 1665 1647 1605 1597 1585 1594 1579 1565 1544 1537 1526 1521 1519 1519 1514 1514 1513 1513 1511 1511 1511 1509 1510 1510 1509 1509 1508 1507 1509 1510 1510 1510 1509 1509 1508 1507 1508 1503 1492 1497 1511 1509 1515 1515 1526 1527 1522 1521 1525
2172 2169 2181 2179 2167 2146 2102 2076 2062 2050 2038 2037 2032 2038 2050 2052 2042 2026 2028 2003 1965 1925 1871 1873 1851 1832 1811 1821 1799 1779 1749 1731 1660 1668 1649 1636 1599 1590 1574 1578 1569 1561 1538 1534 1525 1522 1517 1516 1514 1513 1514 1512 1510 1511 1510 1509 1509 1511 1509 1508 1508 1507 1508 1509 1509 1510 1509 1509 1508 1508 1507 1503 1492 1507 1510 1513 1515 1514 1525 1527 1521 1519 1524
2193 2194 2187 2182 2160 2140 2124 2113 2091 2073 2036 2030 2021 2029 2046 2043 2033 2014 2027 2006 1959 1920 1868 1838 1826 1813 1775 1781 1785 1774 1731 1711 1638 1625 1611 1601 1602 1590 1568 1564 1554 1551 1540 1535 1527 1522 1517 1517 1522 1515 1512 1511 1511 1511 1509 1508 1508 1508 1508 1508 1507 1507 1507 1508 1507 1507 1510 1510 1509 1509 1507 1502 1491 1509 1510 1513 1515 1515 1522 1526 1525 1522 1524
2190 2191 2190 2183 2160 2149 2135 2119 2094 2081 2041 2029 2020 2029 2044 2040 2030 2010 2016 2015 1964 1925 1873 1844 1803 1800 1764 1756 1756 1753 1733 1713 1652 1628 1606 1605 1620 1620 1576 1564 1552 1548 1540 1536 1526 1522 1517 1516 1517 1514 1512 1511 1511 1511 1509 1509 1509 1508 1508 1507 1506 1507 1504 1505 1506 1507 1508 1509 1511 1507 1507 1499 1494 1513 1510 1514 1515 1514 1521 1526 1525 1523 1525
2194 2194 2190 2178 2159 2160 2135 2105 2080 2069 2052 2041 2014 2027 2034 2025 2020 2015 1985 1962 1946 1927 1884 1858 1841 1789 1740 1702 1718 1714 1717 1706 1673 1655 1629 1608 1600 1599 1571 1555 1544 1542 1535 1532 1525 1523 1519 1518 1516 1514 1513 1512 1510 1509 1508 1508 1509 1507 1506 1507 1506 1506 1506 1506 1505 1505 1508 1507 1507 1505 1503 1496 1509 1511 1512 1513 1515 1516 1519 1524 1529 1526 1525
2206 2202 2184 2171 2143 2144 2142 2112 2074 2062 2046 2052 2016 2007 2025 2027 2019 2018 1967 1945 1914 1904 1874 1852 1857 1809 1761 1714 1672 1680 1680 1692 1693 1659 1620 1603 1581 1580 1554 1543 1538 1537 1532 1530 1525 1523 1520 1518 1515 1514 1512 1511 1511 1509 1508 1509 1509 1508 1506 1507 1505 1507 1505 1506 1506 1504 1507 1506 1507 1504 1495 1492 1510 1511 1513 1513 1515 1516 1519 1523 1528 1527 1527
2208 2201 2172 2158 2112 2102 2111 2108 2080 2070 2042 2036 2041 2019 1980 1981 2005 1989 1939 1916 1876 1877 1862 1856 1816 1798 1760 1746 1692 1659 1640 1660 1644 1629 1609 1591 1574 1559 1548 1540 1533 1532 1530 1529 1525 1521 1520 1519 1517 1515 1512 1512 1510 1510 1509 1508 1506 1508 1506 1506 1505 1506 1507 1505 1504 1503 1504 1506 1501 1494 1503 1508 1495 1505 1509 1513 1513 1515 1515 1518 1527 1526 1529
2210 2192 2162 2150 2110 2085 2095 2099 2095 2087 2044 2031 2029 2022 1984 1959 1989 1978 1912 1898 1844 1852 1841 1835 1802 1762 1733 1722 1696 1673 1643 1648 1625 1614 1605 1589 1569 1559 1546 1541 1537 1533 1530 1529 1524 1523 1520 1521 1516 1514 1512 1513 1509 1510 1508 1508 1507 1506 1506 1504 1506 1506 1506 1506 1504 1502 1505 1505 1499 1494 1506 1508 1496 1505 1511 1512 1513 1515 1517 1518 1525 1527 1530
2217 2189 2153 2127 2104 2071 2072 2104 2103 2097 2051 2032 2026 2017 1967 1934 1923 1922 1871 1847 1816 1804 1805 1785 1785 1780 1711 1685 1660 1644 1623 1620 1602 1599 1592 1584 1568 1554 1546 1540 1537 1533 1532 1529 1523 1521 1518 1519 1516 1515 1514 1512 1510 1508 1509 1509 1508 1507 1505 1505 1506 1505 1507 1507 1501 1503 1505 1505 1497 1493 1506 1507 1503 1497 1511 1511 1513 1514 1517 1517 1520 1524 1528
2207 2187 2151 2125 2101 2075 2062 2102 2091 2092 2056 2037 2006 1999 1940 1920 1893 1893 1880 1859 1800 1786 1777 1763 1754 1783 1720 1693 1654 1654 1631 1613 1596 1591 1584 1579 1563 1556 1547 1541 1537 1534 1530 1528 1525 1521 1520 1519 1517 1515 1513 1511 1509 1509 1508 1508 1507 1508 1505 1505 1506 1505 1506 1507 1501 1503 1503 1504 1498 1494 1506 1507 1507 1501 1511 1511 1511 1514 1515 1517 1522 1522 1529
2165 2178 2154 2135 2112 2074 2057 2054 2036 2038 2026 2019 1991 1978 1911 1874 1853 1863 1850 1862 1828 1816 1747 1727 1714 1723 1718 1715 1690 1681 1624 1609 1591 1588 1575 1570 1562 1557 1545 1541 1537 1533 1529 1528 1525 1522 1519 1518 1516 1515 1513 1512 1510 1510 1509 1509 1507 1506 1506 1505 1505 1506 1506 1506 1501 1502 1503 1503 1497 1495 1508 1507 1509 1508 1506 1510 1512 1512 1514 1515 1519 1519 1524
2138 2157 2153 2140 2121 2081 2045 2020 2012 2015 2000 1992 1969 1953 1896 1866 1837 1860 1834 1837 1834 1824 1767 1748 1689 1697 1694 1689 1663 1652 1612 1600 1587 1583 1573 1570 1560 1556 1545 1542 1537 1533 1530 1527 1526 1522 1519 1518 1516 1515 1514 1513 1510 1509 1509 1508 1508 1507 1506 1505 1506 1508 1505 1505 1502 1501 1502 1502 1495 1497 1506 1508 1510 1507 1500 1507 1511 1511 1513 1513 1518 1518 1520
2093 2098 2131 2143 2121 2093 2071 2024 1971 1966 1948 1943 1910 1916 1892 1863 1788 1784 1775 1783 1789 1806 1776 1747 1724 1697 1651 1640 1648 1633 1600 1593 1575 1573 1567 1562 1553 1552 1543 1541 1535 1533 1529 1528 1526 1523 1520 1519 1518 1517 1514 1513 1511 1510 1509 1508 1507 1507 1505 1506 1504 1505 1505 1504 1502 1502 1502 1501 1497 1502 1506 1507 1509 1510 1507 1505 1508 1510 1511 1512 1514 1515 1516
2069 2074 2126 2138 2125 2083 2064 2034 1972 1929 1906 1907 1876 1919 1915 1889 1814 1796 1744 1753 1766 1786 1775 1746 1699 1693 1657 1644 1634 1629 1599 1594 1577 1572 1563 1561 1553 1549 1541 1539 1534 1533 1529 1528 1526 1523 1520 1519 1518 1517 1515 1514 1511 1510 1508 1507 1507 1506 1505 1504 1505 1506 1506 1504 1502 1502 1503 1500 1498 1502 1506 1507 1508 1509 1506 1507 1506 1508 1512 1512 1514 1514 1517
2044 2045 2094 2116 2086 2079 2047 2012 1988 1926 1860 1833 1839 1869 1892 1871 1840 1817 1768 1730 1726 1737 1730 1737 1687 1665 1656 1652 1620 1610 1599 1594 1577 1573 1561 1558 1550 1548 1541 1539 1534 1533 1530 1529 1525 1523 1521 1520 1517 1516 1515 1513 1511 1510 1509 1508 1507 1506 1505 1505 1505 1503 1503 1503 1504 1502 1501 1498 1498 1502 1504 1506 1508 1509 1505 1508 1509 1510 1511 1512 1515 1516 1517
2023 2037 2063 2083 2055 2057 2046 2009 1981 1945 1875 1842 1813 1827 1856 1846 1820 1818 1772 1743 1708 1703 1706 1712 1697 1673 1642 1636 1614 1606 1596 1592 1577 1572 1561 1557 1550 1547 1541 1539 1534 1534 1531 1528 1526 1523 1521 1520 1518 1518 1515 1513 1510 1510 1509 1509 1508 1506 1506 1505 1504 1504 1504 1502 1502 1502 1501 1500 1501 1503 1505 1507 1508 1508 1506 1507 1511 1511 1512 1511 1515 1515 1517
1999 1985 2028 2031 2030 2009 2022 2023 1996 1976 1935 1894 1829 1788 1798 1801 1790 1778 1784 1783 1738 1706 1675 1671 1683 1656 1633 1622 1607 1602 1588 1585 1575 1571 1561 1558 1550 1548 1542 1540 1536 1534 1531 1529 1526 1526 1522 1521 1517 1518 1515 1513 1511 1511 1509 1509 1506 1507 1505 1504 1504 1503 1503 1502 1502 1502 1501 1500 1501 1506 1505 1507 1508 1507 1509 1509 1509 1510 1512 1511 1515 1515 1519
1989 1986 1995 2008 2015 2003 2002 2001 1987 1959 1919 1896 1855 1800 1759 1775 1778 1763 1755 1768 1729 1701 1671 1663 1658 1651 1628 1613 1603 1600 1587 1583 1572 1568 1560 1556 1550 1548 1544 1541 1537 1535 1531 1529 1527 1525 1522 1522 1518 1517 1516 1514 1511 1511 1509 1509 1507 1507 1506 1506 1504 1504 1503 1503 1502 1501 1501 1499 1501 1505 1507 1507 1507 1508 1509 1509 1510 1510 1511 1511 1515 1518 1519
1925 1918 1952 1975 2002 1978 1952 1932 1918 1912 1882 1857 1823 1836 1794 1761 1733 1712 1712 1705 1715 1722 1687 1668 1642 1633 1617 1608 1598 1593 1583 1579 1569 1566 1558 1557 1552 1549 1544 1542 1537 1534 1531 1530 1528 1527 1522 1522 1520 1517 1515 1514 1512 1511 1510 1509 1506 1506 1506 1505 1505 1504 1505 1503 1502 1503 1501 1501 1505 1504 1507 1509 1509 1508 1511 1511 1510 1512 1514 1513 1514 1516 1522
1947 1917 1925 1957 1977 1968 1921 1899 1888 1892 1874 1856 1803 1809 1814 1802 1758 1739 1699 1696 1704 1700 1705 1687 1665 1628 1617 1609 1598 1591 1582 1579 1569 1566 1560 1557 1552 1550 1544 1542 1538 1535 1532 1529 1527 1525 1523 1522 1519 1518 1516 1514 1513 1512 1510 1509 1507 1506 1507 1506 1504 1504 1503 1504 1503 1502 1502 1502 1506 1505 1506 1510 1508 1511 1513 1513 1512 1514 1517 1515 1515 1515 1522
1968 1928 1898 1926 1933 1922 1937 1909 1862 1842 1844 1850 1782 1772 1781 1791 1790 1751 1695 1685 1672 1667 1665 1660 1657 1623 1610 1604 1596 1590 1583 1581 1570 1566 1560 1558 1552 1551 1544 1543 1538 1536 1533 1532 1528 1526 1524 1522 1520 1518 1516 1514 1511 1511 1510 1509 1507 1507 1506 1506 1505 1504 1504 1504 1502 1504 1502 1503 1506 1508 1506 1509 1511 1510 1514 1512 1519 1519 1518 1518 1517 1518 1524
1971 1933 1894 1920 1913 1890 1910 1907 1868 1837 1826 1836 1800 1780 1753 1759 1778 1762 1705 1689 1670 1664 1650 1643 1642 1620 1612 1605 1596 1590 1583 1578 1569 1566 1560 1556 1552 1551 1544 1544 1538 1536 1533 1532 1527 1525 1524 1523 1520 1519 1517 1515 1512 1512 1510 1509 1508 1507 1507 1507 1506 1505 1505 1504 1502 1503 1501 1503 1505 1508 1508 1509 1511 1512 1515 1515 1517 1518 1520 1520 1520 1521 1523
1977 1937 1844 1857 1852 1862 1853 1853 1879 1877 1829 1803 1802 1797 1738 1721 1729 1744 1697 1691 1696 1698 1683 1663 1631 1621 1613 1605 1595 1589 1581 1576 1570 1564 1560 1556 1552 1550 1544 1541 1537 1536 1532 1531 1530 1527 1523 1523 1521 1520 1516 1515 1512 1512 1510 1509 1508 1507 1507 1508 1506 1507 1506 1505 1501 1505 1502 1504 1507 1507 1508 1510 1511 1514 1515 1516 1517 1518 1523 1523 1524 1524 1525
1971 1937 1859 1830 1815 1835 1834 1830 1834 1832 1830 1799 1772 1765 1754 1734 1706 1713 1712 1697 1683 1687 1672 1655 1627 1617 1606 1602 1594 1588 1580 1575 1568 1566 1560 1556 1551 1547 1543 1541 1538 1534 1532 1531 1527 1526 1524 1523 1521 1519 1517 1516 1513 1512 1510 1510 1509 1510 1508 1508 1506 1507 1506 1506 1503 1504 1504 1505 1508 1510 1510 1510 1513 1512 1515 1516 1518 1518 1523 1525 1525 1524 1526
1923 1909 1890 1876 1814 1787 1793 1772 1772 1776 1826 1813 1755 1743 1716 1714 1701 1686 1702 1708 1681 1673 1649 1645 1610 1607 1599 1597 1590 1584 1578 1573 1566 1562 1557 1555 1552 1547 1542 1541 1537 1537 1531 1531 1527 1527 1524 1524 1521 1521 1517 1516 1514 1513 1510 1510 1510 1509 1509 1508 1508 1509 1507 1507 1505 1506 1505 1507 1507 1509 1511 1512 1514 1515 1515 1516 1518 1521 1524 1526 1527 1526 1526
1869 1870 1854 1857 1850 1820 1805 1771 1746 1759 1797 1794 1777 1772 1732 1715 1690 1690 1669 1672 1666 1648 1633 1627 1610 1604 1594 1593 1586 1582 1576 1571 1564 1561 1556 1555 1548 1546 1542 1539 1537 1535 1532 1530 1528 1526 1523 1523 1521 1520 1518 1516 1514 1513 1512 1511 1511 1511 1509 1510 1510 1508 1507 1507 1507 1507 1507 1509 1509 1510 1514 1513 1515 1516 1516 1517 1519 1520 1525 1528 1529 1528 1529
1850 1828 1827 1805 1789 1819 1803 1743 1732 1735 1741 1746 1759 1752 1758 1750 1730 1711 1679 1682 1666 1653 1625 1621 1611 1605 1593 1589 1582 1579 1573 1570 1562 1562 1554 1552 1549 1546 1539 1539 1536 1534 1531 1529 1527 1526 1524 1523 1521 1520 1516 1516 1514 1513 1512 1512 1512 1511 1511 1511 1511 1510 1509 1509 1509 1508 1509 1510 1510 1510 1514 1515 1517 1518 1518 1518 1520 1521 1526 1527 1532 1532 1531
1854 1833 1836 1805 1788 1784 1820 1749 1726 1723 1722 1731 1736 1740 1716 1724 1725 1729 1710 1707 1665 1657 1625 1620 1609 1604 1593 1589 1580 1578 1571 1569 1562 1559 1554 1551 1548 1546 1540 1540 1535 1533 1532 1530 1527 1525 1525 1522 1521 1520 1518 1517 1514 1514 1512 1513 1512 1511 1512 1514 1511 1511 1509 1509 1510 1509 1509 1511 1510 1511 1515 1516 1518 1519 1519 1519 1521 1522 1525 1527 1532 1533 1532
1899 1897 1898 1852 1792 1763 1784 1791 1754 1737 1702 1698 1697 1695 1702 1714 1687 1690 1687 1684 1652 1633 1613 1609 1603 1599 1590 1587 1580 1577 1570 1567 1560 1558 1550 1551 1547 1545 1539 1538 1534 1535 1531 1530 1528 1527 1524 1523 1522 1520 1519 1517 1516 1515 1514 1515 1513 1513 1513 1513 1513 1512 1509 1511 1514 1510 1512 1512 1514 1514 1516 1517 1520 1521 1521 1521 1523 1523 1525 1525 1533 1534 1535
1937 1932 1881 1829 1777 1749 1753 1785 1782 1746 1706 1697 1688 1688 1693 1697 1695 1676 1690 1671 1635 1626 1610 1604 1600 1596 1588 1586 1578 1575 1569 1566 1559 1557 1551 1549 1545 1544 1539 1540 1534 1534 1532 1531 1528 1527 1525 1524 1521 1520 1519 1518 1516 1515 1514 1516 1513 1514 1514 1514 1514 1515 1510 1510 1514 1510 1512 1513 1515 1515 1517 1518 1520 1521 1522 1521 1524 1524 1525 1526 1531 1534 1536
1932 1938 1870 1848 1797 1759 1736 1747 1760 1760 1746 1730 1701 1683 1663 1660 1660 1666 1649 1640 1622 1616 1604 1601 1594 1590 1585 1583 1576 1574 1568 1565 1558 1555 1552 1550 1545 1545 1540 1538 1535 1535 1531 1531 1529 1528 1525 1524 1522 1520 1518 1520 1516 1516 1516 1515 1514 1515 1515 1514 1517 1514 1512 1512 1513 1513 1513 1514 1516 1516 1518 1521 1522 1523 1523 1523 1525 1525 1527 1526 1530 1533 1537
1907 1910 1878 1854 1806 1765 1740 1725 1737 1741 1754 1756 1738 1709 1681 1668 1648 1647 1640 1636 1622 1617 1604 1601 1591 1589 1584 1580 1576 1572 1566 1564 1557 1556 1552 1550 1545 1545 1539 1538 1536 1533 1532 1531 1528 1527 1525 1524 1522 1522 1520 1519 1516 1517 1516 1517 1516 1515 1515 1515 1517 1514 1512 1513 1512 1513 1513 1514 1516 1518 1518 1521 1524 1524 1524 1524 1526 1527 1528 1528 1530 1532 1538
1873 1867 1915 1908 1849 1818 1783 1747 1728 1711 1695 1696 1700 1705 1687 1677 1666 1655 1630 1624 1618 1615 1604 1601 1594 1589 1583 1580 1575 1572 1566 1564 1559 1556 1552 1551 1547 1544 1540 1540 1536 1535 1532 1531 1528 1527 1525 1524 1524 1523 1520 1520 1519 1519 1517 1517 1518 1517 1517 1517 1518 1515 1513 1513 1514 1514 1515 1517 1518 1519 1521 1523 1525 1527 1527 1526 1527 1527 1529 1531 1531 1532 1537
1856 1854 1909 1889 1887 1848 1800 1774 1757 1736 1706 1690 1680 1696 1685 1669 1656 1648 1632 1623 1616 1611 1603 1600 1592 1586 1583 1580 1573 1571 1566 1564 1557 1556 1553 1551 1547 1545 1541 1540 1535 1535 1533 1532 1530 1528 1526 1526 1523 1523 1521 1522 1520 1518 1519 1518 1518 1517 1517 1518 1519 1515 1513 1513 1513 1515 1515 1517 1518 1519 1521 1522 1525 1527 1527 1527 1528 1528 1530 1531 1531 1533 1536
1840 1830 1883 1893 1837 1842 1839 1812 1803 1782 1741 1715 1689 1670 1662 1657 1648 1640 1626 1619 1611 1607 1602 1597 1591 1586 1581 1579 1573 1571 1565 1565 1560 1557 1554 1551 1545 1545 1541 1540 1537 1535 1534 1531 1528 1528 1527 1527 1524 1523 1523 1521 1521 1519 1520 1518 1519 1517 1519 1519 1520 1516 1514 1513 1515 1515 1518 1518 1519 1522 1522 1523 1525 1527 1529 1528 1529 1530 1532 1532 1534 1534 1535
1827 1821 1860 1869 1837 1828 1848 1800 1781 1787 1762 1737 1707 1688 1663 1651 1643 1638 1626 1620 1613 1606 1599 1598 1591 1586 1582 1579 1573 1571 1567 1566 1558 1557 1553 1550 1548 1546 1540 1539 1536 1536 1532 1532 1529 1529 1527 1527 1525 1524 1523 1522 1522 1521 1520 1521 1519 1519 1519 1520 1518 1517 1514 1513 1514 1515 1518 1517 1519 1522 1523 1524 1525 1526 1529 1530 1531 1530 1533 1533 1534 1536 1537
