Sample Data/Inputs/maps/Elevation.asc
ncols         510
nrows         623
xllcorner     335939.98081818
yllcorner     4068592.4730708
cellsize      90
NODATA_value  -9999
[rows 259 to 295 of 623, columns 166 to 248 of 510]
484 476 465 558 590 667 693 745 766 780 777 804 817 825 822 858 878 919 900 851 843 830 832 849 870 877 878 877 897 994 1010 1020 1032 1036 1051 1071 1071 1091 1095 1095 1108 1108 1133 1155 1165 1182 1164 1147 1137 1107 1091 1052 1035 966 897 831 848 875 887 899 913 975 923 876 862 838 826 818 810 837 852 883 887 908 917 954 979 994 1010 1062 1082 1125 1126
494 486 463 533 557 631 650 703 737 762 759 790 810 818 815 863 890 908 891 839 825 807 811 821 841 849 850 866 897 967 974 1007 1026 1039 1046 1062 1066 1095 1101 1092 1099 1109 1129 1155 1169 1190 1184 1167 1146 1108 1065 1040 1018 956 892 848 863 893 924 952 943 993 953 901 871 849 844 830 827 837 853 874 888 905 915 963 980 1002 1017 1058 1080 1134 1144
553 524 503 484 476 547 575 635 664 703 714 758 765 777 816 877 887 859 848 813 786 772 780 781 775 799 806 857 881 909 940 993 994 1017 1021 1053 1070 1084 1090 1109 1116 1120 1121 1146 1155 1185 1209 1182 1129 1080 1055 1013 967 894 889 887 899 926 956 991 1023 1053 1049 966 917 910 892 883 863 843 832 852 887 911 929 969 1014 1050 1072 1088 1101 1148 1180
587 583 529 502 488 508 533 603 623 673 715 740 746 779 813 880 871 840 831 793 777 766 774 773 772 770 774 834 847 908 934 985 985 1013 1019 1051 1063 1083 1084 1098 1099 1111 1124 1149 1162 1193 1210 1183 1126 1059 1035 994 955 902 911 908 914 933 965 1006 1041 1072 1063 979 946 928 913 895 872 866 850 846 868 898 906 971 1003 1041 1044 1074 1090 1140 1174
657 660 636 593 578 525 504 510 543 652 681 694 707 781 784 853 842 805 815 771 750 736 730 725 739 781 805 822 824 916 943 955 963 996 1012 1043 1057 1064 1071 1085 1097 1122 1134 1160 1164 1204 1217 1140 1113 1059 1033 967 929 944 949 935 953 968 985 1023 1054 1114 1115 1049 1020 985 947 922 906 890 881 867 854 881 905 963 981 1004 1001 1054 1087 1135 1178
699 711 680 652 632 568 547 504 503 616 630 673 699 771 769 831 826 777 796 749 740 725 717 730 747 790 810 852 840 889 932 937 952 1003 1012 1038 1050 1067 1061 1083 1095 1117 1129 1161 1169 1212 1205 1155 1124 1056 1037 972 938 951 959 951 968 988 1003 1050 1067 1119 1144 1076 1055 1001 982 953 926 911 887 888 862 879 904 949 974 984 999 1045 1081 1141 1169
770 787 772 739 708 658 642 550 518 567 576 629 645 695 711 750 758 750 744 728 709 703 710 741 760 799 832 876 888 881 895 945 956 988 994 1042 1046 1047 1057 1100 1099 1125 1137 1162 1171 1210 1220 1155 1129 1075 1066 975 951 979 982 997 997 1026 1050 1074 1090 1142 1160 1142 1119 1061 1048 1004 949 921 912 898 882 866 869 920 924 958 985 1033 1086 1119 1166
825 831 803 768 727 674 652 581 551 541 555 585 611 651 672 706 724 694 711 714 694 708 709 737 761 797 834 876 902 932 933 938 947 971 982 1029 1034 1056 1076 1102 1107 1124 1140 1163 1176 1222 1227 1170 1147 1091 1062 965 951 988 1001 1019 1020 1035 1057 1091 1098 1149 1162 1165 1141 1081 1063 1025 977 944 927 900 881 872 874 911 923 946 983 1042 1063 1149 1170
914 853 810 767 740 700 690 669 634 626 626 603 577 565 564 620 617 660 645 659 671 702 717 737 747 793 811 848 860 934 966 980 962 966 969 1016 1027 1064 1071 1079 1099 1125 1148 1181 1188 1228 1210 1168 1130 1082 1050 974 991 1010 1031 1053 1045 1065 1081 1105 1118 1158 1182 1207 1216 1198 1174 1079 1029 1000 996 963 945 887 873 899 908 963 964 1018 1045 1133 1147
907 849 812 789 758 717 714 695 663 681 687 656 633 622 571 605 603 634 632 661 668 692 710 738 748 782 809 839 860 931 974 987 982 979 979 1008 1018 1055 1072 1080 1087 1133 1150 1187 1203 1224 1209 1160 1127 1071 1040 999 1008 1020 1032 1057 1064 1077 1092 1122 1146 1185 1202 1246 1253 1215 1196 1097 1058 1016 1019 990 969 894 884 892 901 940 951 1017 1049 1112 1111
911 881 851 818 811 779 767 743 711 751 764 736 714 700 670 638 637 618 619 653 679 683 701 737 760 776 790 837 857 951 991 1021 1002 1004 1007 1016 1028 1035 1048 1061 1078 1115 1134 1181 1210 1218 1198 1131 1113 1061 1032 1027 1044 1050 1073 1084 1095 1118 1131 1166 1180 1214 1232 1260 1255 1246 1232 1168 1115 1057 1054 1034 1021 949 932 897 892 923 949 996 1011 1041 1050
919 898 878 849 836 794 775 754 745 796 815 787 780 753 729 679 668 665 645 655 677 684 694 729 755 776 792 819 849 941 981 1016 1008 1020 1017 1026 1041 1028 1024 1054 1068 1106 1123 1171 1188 1218 1194 1122 1099 1063 1030 1045 1050 1063 1079 1104 1107 1130 1143 1177 1184 1213 1231 1260 1263 1258 1241 1189 1148 1077 1074 1059 1031 975 946 907 904 922 943 985 998 1031 1031
958 932 920 885 864 830 817 810 838 881 851 816 793 761 743 728 716 700 678 651 679 705 707 726 756 779 799 815 848 927 974 1023 1037 1019 1034 1033 1060 1069 1039 1059 1057 1097 1123 1148 1171 1199 1187 1116 1068 1019 1032 1076 1084 1105 1110 1153 1155 1146 1156 1177 1187 1221 1236 1260 1270 1308 1284 1224 1175 1136 1118 1071 1042 993 981 947 928 901 925 974 976 1021 1026
994 965 948 902 896 859 851 851 875 878 847 795 781 764 755 730 719 700 681 657 689 710 719 738 763 785 797 814 841 933 963 1020 1034 1019 1028 1042 1058 1076 1049 1064 1073 1093 1110 1139 1159 1206 1194 1111 1048 1040 1047 1085 1100 1115 1127 1155 1167 1150 1159 1188 1191 1222 1239 1268 1283 1315 1294 1239 1206 1147 1121 1075 1061 1018 1006 947 930 904 921 952 969 1004 1011
1079 1057 1036 996 980 955 947 915 893 849 836 815 808 781 775 761 753 718 711 654 674 713 743 749 758 780 791 833 856 891 931 1001 1030 1030 1014 1027 1043 1070 1079 1080 1083 1112 1114 1136 1162 1203 1172 1088 1037 1062 1085 1100 1111 1133 1150 1181 1183 1216 1206 1211 1217 1236 1246 1271 1287 1323 1328 1283 1239 1162 1143 1110 1092 1065 1040 983 977 934 918 932 959 1000 1023
1120 1091 1057 1021 1015 997 957 912 893 859 840 826 816 795 796 777 768 735 727 676 659 693 714 745 758 784 789 831 857 902 920 986 1008 1031 1013 1027 1042 1066 1082 1081 1082 1102 1118 1141 1163 1198 1168 1087 1046 1065 1095 1115 1115 1139 1160 1180 1199 1222 1228 1240 1254 1248 1253 1272 1283 1326 1336 1293 1241 1170 1151 1127 1111 1076 1058 1013 990 956 935 927 949 988 1013
1154 1113 1097 1056 1045 986 956 928 918 892 881 854 841 841 828 807 797 773 761 715 671 697 709 741 748 778 787 838 855 915 930 967 976 1014 1016 1017 1035 1048 1075 1084 1081 1109 1130 1138 1159 1194 1160 1086 1055 1075 1089 1118 1127 1147 1171 1204 1212 1228 1241 1253 1262 1277 1275 1294 1326 1343 1353 1322 1253 1212 1200 1172 1158 1130 1109 1054 1033 986 958 909 932 983 990
1187 1137 1121 1077 1057 1000 977 950 940 911 897 866 868 865 846 824 809 781 769 733 691 683 713 746 762 776 786 842 864 910 920 953 968 1005 1014 1015 1022 1038 1064 1073 1078 1104 1133 1130 1167 1196 1140 1081 1069 1088 1095 1118 1126 1152 1182 1207 1226 1244 1252 1262 1274 1285 1293 1322 1343 1363 1376 1345 1275 1238 1213 1183 1172 1133 1124 1063 1040 988 962 928 936 975 980
1232 1181 1158 1122 1099 1038 1038 1006 990 960 952 912 918 897 884 853 838 816 806 778 766 685 705 747 758 789 795 868 875 903 913 950 965 997 1006 1011 1020 1032 1036 1055 1073 1103 1124 1162 1183 1204 1156 1067 1090 1118 1120 1121 1135 1154 1183 1207 1222 1245 1261 1274 1292 1318 1340 1363 1381 1402 1404 1389 1319 1287 1260 1211 1189 1154 1145 1092 1053 1006 979 944 974 1003 1009
1239 1206 1180 1137 1110 1077 1075 1045 1007 981 974 951 958 935 920 877 863 840 834 799 783 691 707 736 741 784 802 875 886 908 917 945 958 989 1001 1024 1029 1024 1026 1061 1064 1112 1121 1162 1179 1195 1143 1073 1094 1117 1120 1127 1148 1158 1176 1212 1220 1246 1257 1274 1294 1299 1335 1368 1381 1404 1410 1408 1334 1293 1271 1230 1195 1174 1147 1103 1069 1022 973 939 962 985 990
1234 1222 1194 1152 1145 1127 1132 1108 1086 1066 1063 1053 1059 993 976 915 902 891 870 838 827 733 694 728 745 801 805 859 865 894 912 947 962 1001 1013 1015 1017 1014 1023 1060 1061 1111 1124 1153 1169 1206 1174 1078 1099 1122 1136 1151 1160 1178 1204 1231 1243 1280 1284 1301 1313 1336 1345 1360 1381 1407 1424 1434 1384 1321 1296 1247 1222 1201 1177 1128 1098 1040 1013 952 948 972 988
1221 1235 1197 1193 1195 1188 1180 1139 1135 1122 1116 1098 1086 1043 1023 962 951 910 898 859 841 736 700 728 753 786 798 830 844 865 884 936 956 982 1004 1008 1000 999 1024 1052 1078 1099 1113 1138 1157 1207 1190 1097 1089 1133 1139 1171 1174 1191 1196 1235 1248 1299 1299 1315 1313 1366 1367 1380 1389 1410 1431 1451 1425 1346 1301 1265 1247 1225 1189 1138 1119 1067 1027 970 958 979 1001
1184 1216 1240 1249 1243 1212 1206 1183 1176 1160 1132 1109 1103 1064 1057 1011 991 956 931 858 845 800 752 720 734 776 781 805 820 866 875 911 919 940 956 973 979 1012 1013 1052 1054 1089 1105 1136 1149 1195 1187 1108 1104 1124 1138 1169 1177 1194 1202 1234 1260 1287 1303 1332 1346 1369 1360 1378 1388 1415 1431 1457 1456 1383 1364 1308 1276 1249 1218 1140 1121 1062 1043 990 967 985 1002
1185 1199 1240 1273 1255 1223 1216 1199 1193 1155 1130 1102 1104 1073 1069 1027 1013 965 943 893 871 821 789 716 748 764 775 794 818 860 870 888 895 922 931 963 972 1009 1010 1049 1052 1074 1100 1137 1145 1184 1172 1104 1100 1126 1133 1164 1178 1203 1208 1241 1259 1292 1304 1334 1343 1351 1364 1371 1380 1404 1417 1446 1465 1399 1379 1319 1297 1265 1225 1147 1125 1091 1070 1008 977 975 996
1168 1205 1250 1286 1270 1248 1217 1212 1200 1146 1125 1106 1086 1078 1089 1054 1033 1000 982 941 905 844 791 719 747 797 801 829 834 854 859 879 888 914 925 955 971 987 1003 1021 1032 1076 1095 1138 1143 1179 1157 1102 1120 1144 1157 1171 1180 1206 1226 1245 1268 1286 1296 1308 1330 1350 1362 1382 1381 1402 1416 1441 1467 1451 1417 1333 1308 1264 1249 1191 1173 1115 1096 1063 1028 985 997
1170 1214 1252 1275 1265 1240 1218 1182 1185 1164 1134 1109 1095 1082 1077 1062 1043 1022 1004 960 913 850 797 721 743 756 784 820 835 855 872 883 895 916 921 958 968 990 988 1018 1032 1071 1094 1138 1146 1169 1147 1117 1124 1153 1157 1196 1193 1211 1219 1243 1274 1287 1294 1321 1333 1355 1358 1379 1388 1407 1415 1449 1470 1461 1428 1333 1308 1268 1252 1201 1180 1133 1116 1074 1044 991 994
1166 1208 1239 1277 1294 1252 1227 1203 1193 1169 1144 1127 1102 1080 1076 1076 1071 1050 1027 988 940 868 821 747 730 768 789 814 838 854 861 870 875 898 919 941 949 960 980 1013 1024 1057 1093 1128 1135 1146 1110 1133 1136 1169 1184 1201 1208 1231 1219 1233 1258 1283 1293 1327 1336 1376 1383 1392 1399 1417 1427 1461 1487 1475 1437 1354 1331 1291 1269 1216 1201 1163 1147 1098 1090 1013 1014
1173 1205 1251 1299 1305 1257 1246 1218 1204 1177 1161 1130 1108 1079 1085 1080 1066 1055 1028 986 932 865 811 765 746 762 782 823 825 865 874 873 880 896 912 936 943 960 985 1015 1024 1062 1108 1130 1137 1132 1117 1141 1150 1183 1195 1203 1206 1225 1227 1242 1256 1275 1297 1333 1344 1382 1391 1398 1406 1431 1438 1467 1494 1486 1452 1356 1336 1297 1282 1236 1221 1184 1161 1128 1104 1021 1031
1186 1224 1257 1310 1326 1284 1278 1244 1235 1188 1182 1164 1142 1096 1101 1087 1068 1052 1008 969 948 917 895 807 756 762 787 814 840 850 853 866 880 897 903 926 941 973 994 1014 1027 1055 1063 1093 1117 1125 1131 1152 1153 1183 1201 1209 1232 1253 1268 1293 1311 1311 1317 1339 1345 1377 1389 1424 1428 1438 1457 1479 1506 1518 1486 1409 1383 1342 1326 1286 1265 1210 1180 1108 1084 1056 1078
1196 1235 1261 1310 1325 1316 1302 1264 1255 1216 1199 1191 1166 1112 1105 1080 1069 1041 1028 1014 1001 937 921 868 804 763 795 827 843 862 869 879 879 891 903 919 944 977 993 1015 1033 1051 1063 1096 1116 1130 1125 1156 1160 1181 1203 1230 1240 1253 1265 1302 1310 1336 1334 1350 1364 1387 1397 1430 1439 1448 1459 1489 1514 1545 1512 1435 1405 1362 1348 1271 1255 1207 1184 1116 1077 1060 1088
1188 1233 1256 1298 1318 1350 1343 1300 1288 1242 1254 1219 1195 1152 1134 1098 1086 1073 1067 1053 1040 1008 983 896 867 821 804 826 836 859 869 877 883 904 917 919 941 977 995 1017 1029 1039 1071 1096 1113 1128 1139 1163 1174 1186 1204 1220 1237 1265 1275 1299 1308 1350 1357 1356 1352 1392 1413 1451 1462 1486 1488 1511 1533 1579 1548 1474 1451 1374 1343 1257 1235 1194 1169 1119 1084 1075 1091
1180 1218 1243 1290 1315 1347 1358 1321 1312 1277 1269 1215 1198 1161 1139 1101 1095 1079 1072 1054 1040 1041 1006 926 894 810 810 830 847 870 876 886 881 903 917 932 951 973 991 1019 1027 1037 1071 1096 1110 1133 1139 1167 1177 1194 1210 1223 1241 1271 1280 1310 1317 1354 1371 1368 1368 1389 1416 1448 1459 1487 1500 1524 1542 1587 1571 1490 1458 1375 1348 1257 1233 1193 1176 1120 1087 1085 1094
1167 1208 1227 1274 1296 1342 1367 1377 1361 1284 1273 1242 1234 1197 1174 1136 1130 1115 1103 1086 1066 1070 1039 958 927 838 808 842 850 867 874 891 900 917 930 961 968 984 999 1024 1028 1052 1081 1104 1122 1142 1140 1157 1168 1190 1211 1241 1259 1275 1292 1317 1341 1378 1385 1392 1395 1395 1413 1443 1464 1489 1503 1541 1568 1587 1558 1486 1449 1381 1357 1278 1253 1197 1179 1123 1091 1106 1120
1155 1194 1206 1262 1291 1344 1367 1384 1371 1295 1280 1259 1242 1221 1200 1146 1142 1138 1135 1107 1091 1077 1037 960 935 846 826 856 859 864 869 889 902 931 935 966 974 989 1000 1026 1042 1056 1070 1098 1124 1145 1142 1159 1178 1194 1210 1251 1267 1293 1299 1327 1336 1386 1385 1397 1402 1408 1420 1440 1461 1495 1507 1558 1583 1578 1538 1482 1448 1394 1370 1289 1263 1209 1183 1114 1101 1120 1133
1128 1161 1194 1242 1268 1315 1344 1400 1401 1356 1339 1303 1294 1266 1248 1206 1185 1187 1173 1156 1146 1133 1086 1019 992 902 859 856 870 875 882 904 908 928 949 986 985 1006 1015 1038 1051 1063 1084 1113 1133 1155 1148 1165 1181 1209 1219 1247 1263 1281 1293 1327 1351 1368 1386 1406 1416 1438 1445 1445 1459 1483 1516 1566 1609 1566 1516 1470 1439 1405 1379 1297 1256 1215 1196 1150 1137 1154 1172
1104 1151 1184 1236 1255 1304 1334 1395 1411 1382 1367 1333 1328 1273 1260 1228 1222 1213 1197 1175 1170 1127 1083 1032 1007 906 882 858 863 887 884 906 915 930 955 996 1000 1017 1024 1043 1059 1083 1094 1136 1147 1195 1176 1162 1181 1215 1222 1235 1261 1282 1292 1323 1341 1353 1377 1401 1425 1457 1459 1456 1466 1494 1520 1570 1611 1573 1519 1473 1438 1406 1366 1288 1264 1219 1210 1173 1164 1162 1187
1063 1133 1191 1230 1250 1294 1319 1390 1416 1414 1407 1383 1374 1334 1333 1298 1280 1248 1244 1206 1188 1128 1089 1030 1010 965 955 857 861 895 898 916 929 960 996 995 1004 1031 1039 1069 1080 1116 1135 1169 1181 1229 1235 1167 1192 1210 1219 1240 1252 1280 1301 1314 1330 1352 1367 1396 1413 1465 1474 1481 1489 1508 1539 1577 1617 1575 1527 1486 1447 1424 1402 1337 1306 1276 1234 1198 1195 1169 1192
